EUROPEAN CLIMATE ASSESSMENT & DATASET (ECA&D), file created on: 12-03-2026
THESE DATA CAN BE USED FOR NON-COMMERCIAL RESEARCH AND EDUCATION PROVIDED THAT THE FOLLOWING SOURCE IS ACKNOWLEDGED: 

Klein Tank, A.M.G. and Coauthors, 2002. Daily dataset of 20th-century surface
air temperature and precipitation series for the European Climate Assessment.
Int. J. of Climatol., 22, 1441-1453.
Data and metadata available at http://www.ecad.eu

FILE FORMAT (MISSING VALUE CODE = -999999):

THIS FILE HOLDS DATA FOR STATION GERMANY                                  ARNSBERG                                 (STAID:   4172)
LATITUDE: dd:mm:ss +51:22:42
LONGITUDE: ddd:mm:ss +008:04:19
ELEVATION: m  218

DATA IS FOR INDEX Mean of daily mean temperature (TG) with unit 0.01 Temperature (&#176;C)

01-06 SOUID: Source identifier
08-11 YEAR : YYYY
13-20 ANNUAL DATA VALUES
21-28 WINTER HALF YEAR DATA VALUES
29-36 SUMMER HALF YEAR DATA VALUES
37-44 WINTER (DJF) DATA VALUES
45-52 SPRING (MAM) DATA VALUES
53-60 SUMMER (JJA) DATA VALUES
61-68 AUTUMN (SON) DATA VALUES
69-76 JANUARY DATA VALUES
etc. 
157-164 DECEMBER DATA VALUES

4172   1880 868     -999999 1352    -999999 822     1572    880     -253    316     487     872     1108    1428    1682    1603    1410    812     421     515     
	4172   1881 793     311     1317    85      722     1607    849     -430    178     359     627     1175    1469    1845    1503    1264    516     779     197     
	4172   1882 889     432     1303    215     885     1502    922     144     315     639     822     1193    1414    1632    1456    1289    981     492     245     
	4172   1883 843     374     1320    283     615     1559    921     195     423     -80     670     1258    1557    1572    1548    1304    889     571     189     
	4172   1884 910     522     1344    357     835     1572    846     465     420     590     671     1238    1257    1741    1706    1428    824     286     257     
	4172   1885 813     356     1287    243     714     1529    810     -43     543     283     936     931     1589    1622    1379    1264    796     372     92      
	4172   1886 854     226     1376    -13     769     1562    1053    62      -212    210     861     1240    1386    1656    1639    1460    1054    645     178     
	4172   1887 746     327     1311    39      614     1650    714     -160    105     129     714     1004    1564    1862    1520    1185    559     403     35      
	4172   1888 752     161     1255    -64     657     1504    816     -33     -203    186     595     1187    1584    1448    1484    1223    710     519     297     
	4172   1889 810     250     1423    40      852     1660    795     -36     -159    137     775     1641    1884    1595    1508    1117    908     356     -69     
	4172   1890 782     342     1313    83      838     1497    849     394     -93     515     639     1354    1376    1500    1610    1380    781     389     -531    
	4172   1891 820     130     1310    -248    722     1532    969     -306    128     324     540     1296    1497    1584    1515    1415    1105    383     311     
	4172   1892 831     365     1375    188     715     1619    920     64      189     128     729     1288    1488    1580    1786    1359    846     558     -62     
	4172   1893 894     299     1448    -60     971     1680    864     -443    366     544     1045    1327    1610    1727    1699    1265    1053    267     233     
	4172   1894 883     398     1345    169     939     1560    841     33      248     536     1138    1149    1398    1738    1538    1093    839     590     260     
	4172   1895 786     186     1425    -186    775     1638    964     -266    -591    223     902     1205    1582    1687    1643    1523    745     632     56      
	4172   1896 823     380     1300    87      793     1575    797     72      136     631     669     1074    1675    1638    1415    1321    896     170     158     
	4172   1897 883     325     1378    92      817     1714    851     -118    252     581     756     1112    1727    1670    1745    1248    865     440     278     
	4172   1898 925     418     1359    300     742     1596    982     411     201     295     805     1127    1505    1423    1858    1422    970     556     472     
	4172   1899 876     499     1343    386     713     1643    959     347     335     299     743     1097    1515    1725    1686    1276    792     815     -147    
	4172   1900 900     345     1370    97      665     1684    936     235     216     166     707     1123    1613    1861    1575    1325    909     575     446     
	4172   1901 831     308     1418    20      811     1657    907     -112    -305    285     881     1270    1536    1803    1628    1376    971     373     185     
	4172   1902 791     392     1262    178     732     1522    785     370     -43     456     878     868     1563    1549    1455    1253    757     347     -17     
	4172   1903 907     423     1298    238     810     1552    1002    248     511     700     457     1261    1493    1604    1556    1399    1081    522     22      
	4172   1904 874     360     1395    72      851     1660    794     -15     218     330     964     1263    1517    1849    1608    1147    842     390     354     
	4172   1905 858     402     1395    195     812     1745    723     -3      240     573     655     1204    1747    1851    1638    1257    513     407     176     
	4172   1906 879     307     1348    202     794     1592    1015    276     150     308     749     1325    1457    1692    1623    1222    1119    700     -127    
	4172   1907 850     355     1287    -22     778     1474    1005    103     -43     352     711     1268    1442    1404    1576    1311    1186    513     307     
	4172   1908 800     387     1331    121     708     1608    827     -174    236     250     543     1325    1689    1690    1449    1275    881     324     98      
	4172   1909 788     244     1277    -23     747     1482    867     -46     -133    305     815     1123    1353    1490    1598    1267    1082    244     288     
	4172   1910 -999999 448     1328    313     809     1571    -999999 258     401     405     760     1259    1592    1548    1573    1224    1020    -999999 483     
	4172   1911 965     -999999 1473    240     860     1774    965     1       236     482     743     1350    1499    1885    1931    1404    900     593     504     
	4172   1912 881     557     1276    373     886     1590    673     162     460     720     721     1213    1557    1821    1391    934     704     380     487     
	4172   1913 918     458     1281    316     935     1438    1047    189     269     702     825     1276    1456    1415    1445    1259    1092    789     258     
	4172   1914 914     502     1367    188     883     1622    861     -208    550     548     1032    1076    1442    1712    1706    1219    913     451     508     
	4172   1915 852     428     1344    310     764     1601    709     150     269     262     678     1351    1706    1585    1515    1214    722     190     542     
	4172   1916 903     449     1308    431     890     1468    919     490     249     480     823     1366    1244    1536    1616    1241    954     561     242     
	4172   1917 781     238     1413    -70     670     1710    919     -219    -250    103     399     1498    1803    1694    1636    1430    723     610     -121    
	4172   1918 921     380     1358    154     940     1495    861     257     343     470     895     1454    1263    1629    1585    1302    874     405     530     
	4172   1919 787     415     1289    279     741     1483    731     168     124     361     574     1282    1482    1387    1579    1417    608     173     238     
	4172   1920 927     431     1380    349     1027    1563    773     345     473     744     929     1406    1522    1724    1441    1247    772     301     201     
	4172   1921 943     445     1402    324     925     1643    861     535     226     613     781     1375    1423    1827    1672    1313    1199    59      216     
	4172   1922 778     316     1283    86      749     1546    662     -40     83      351     563     1326    1546    1568    1523    1152    482     359     373     
	4172   1923 850     406     1269    334     809     1500    884     307     319     587     740     1096    1094    1839    1554    1268    1061    316     -36     
	4172   1924 808     240     1309    -73     763     1493    920     -50     -138    265     596     1423    1500    1595    1382    1343    1011    402     323     
	4172   1925 901     459     1407    381     821     1677    775     344     487     190     836     1438    1527    1860    1640    1117    949     254     133     
	4172   1926 929     448     1368    333     826     1574    986     207     694     470     979     1034    1379    1744    1594    1469    782     715     86      
	4172   1927 859     459     1320    209     815     1565    900     288     258     613     739     1091    1371    1682    1637    1383    920     395     -113    
	4172   1928 886     393     1297    200     749     1596    928     311     417     432     799     1018    1383    1803    1595    1163    940     681     76      
	4172   1929 824     204     1375    -266    734     1602    1054    -273    -638    373     505     1318    1424    1699    1678    1607    966     592     522     
	4172   1930 941     533     1398    382     840     1667    980     508     89      480     856     1185    1812    1601    1594    1332    941     669     170     
	4172   1931 818     347     1330    106     752     1608    817     182     -49     142     640     1471    1593    1667    1565    1021    790     642     93      
	4172   1932 867     325     1395    115     699     1664    924     319     -78     169     705     1225    1426    1746    1812    1439    879     457     264     
	4172   1933 793     379     1332    111     817     1594    837     -48     117     581     733     1134    1409    1740    1626    1332    875     303     -329    
	4172   1934 972     278     1444    11      895     1616    1011    172     210     430     1023    1247    1552    1738    1555    1539    1040    452     680     
	4172   1935 883     498     1344    358     719     1642    962     83      305     408     750     1008    1655    1689    1584    1361    838     693     195     
	4172   1936 885     495     1334    286     788     1636    817     489     164     576     496     1273    1673    1640    1597    1294    704     457     237     
	4172   1937 905     405     1395    305     870     1611    882     284     404     348     841     1421    1566    1661    1605    1259    988     397     47      
	4172   1938 894     451     1293    192     753     1623    1025    336     193     717     488     1045    1546    1572    1747    1345    877     856     -40     
	4172   1939 -999999 445     1356    221     730     1637    -999999 422     286     266     868     1059    1596    1654    1660    1300    -999999 -999999 -999999 
	4172   1940 -999999 -999999 -999999 -999999 -999999 -999999 904     -999999 -999999 641     -999999 -999999 -999999 -999999 1474    1240    808     667     -126    
	4172   1941 791     282     1278    -90     659     1641    798     -270    150     461     606     907     1667    1846    1410    1219    817     359     284     
	4172   1942 -999999 133     1338    -255    813     1484    -999999 -643    -423    359     883     1200    1312    1409    1725    1490    1171    -999999 -999999 
	4172   1943 928     -999999 1397    -999999 949     1603    927     203     362     606     951     1291    1369    1725    1707    1323    1063    390     102     
	4172   1944 -999999 -999999 1372    -999999 725     1648    873     -999999 -81     141     914     1126    1361    1673    1899    1242    887     490     168     
	4172   1945 -999999 395     -999999 110     -999999 -999999 -999999 -346    549     641     -999999 -999999 -999999 -999999 -999999 -999999 -999999 73      -120    
	4172   1946 -999999 -999999 -999999 -999999 -999999 1585    1001    -999999 -999999 -999999 -999999 -999999 1412    1761    1577    1406    832     770     -200    
	4172   1947 -999999 -999999 1622    -999999 957     1879    1037    -999999 -427    412     938     1503    1852    1928    1857    1640    850     622     285     
	4172   1948 974     516     1432    328     994     1616    937     492     198     641     1007    1335    1588    1632    1626    1395    896     522     325     
	4172   1949 967     436     1466    313     854     1598    1070    294     322     249     1091    1229    1412    1720    1658    1678    1082    448     378     
	4172   1950 913     517     1426    325     869     1733    892     110     505     574     693     1335    1755    1738    1707    1310    806     564     -157    
	4172   1951 936     376     1365    179     733     1621    1011    366     344     338     692     1167    1514    1688    1657    1457    735     849     396     
	4172   1952 839     448     1381    217     909     1662    667     142     105     451     1011    1268    1497    1785    1700    1004    763     232     75      
	4172   1953 934     278     1387    56      897     1599    1026    14      81      484     911     1297    1556    1652    1589    1306    1100    670     484     
	4172   1954 842     430     1269    77      787     1487    1013    -215    -50     552     593     1208    1509    1388    1563    1338    1085    613     450     
	4172   1955 811     373     1312    130     626     1592    898     -12     -68     134     746     1001    1447    1690    1633    1345    837     513     405     
	4172   1956 755     258     1261    -94     759     1457    876     129     -864    465     552     1252    1287    1679    1398    1380    871     378     445     
	4172   1957 932     537     1315    391     849     1639    925     221     520     781     786     977     1655    1763    1498    1197    1002    572     191     
	4172   1958 878     384     1361    229     628     1598    984     166     342     33      563     1286    1432    1630    1727    1509    987     456     369     
	4172   1959 956     458     1462    197     999     1726    877     110     103     688     1013    1296    1613    1880    1682    1273    873     486     391     
	4172   1960 920     452     1359    257     883     1536    1068    134     245     571     801     1274    1584    1504    1521    1460    1012    735     184     
	4172   1961 937     548     1366    293     895     1496    1070    122     605     644     1061    984     1505    1426    1558    1664    1093    451     129     
	4172   1962 754     375     1223    200     615     1448    835     308     158     90      822     939     1369    1452    1520    1226    932     344     -146    
	4172   1963 753     85      1361    -408    822     1583    1018    -697    -379    418     912     1138    1549    1668    1533    1360    869     831     -225    
	4172   1964 873     323     1433    12      824     1647    866     -23     302     197     882     1394    1652    1729    1560    1370    710     523     175     
	4172   1965 761     324     1204    122     702     1417    737     217     -40     332     669     1105    1478    1404    1371    1190    807     212     329     
	4172   1966 870     361     1330    254     840     1525    871     -138    604     369     890     1263    1592    1489    1496    1242    1116    246     261     
	4172   1967 894     474     1308    296     772     1585    956     249     387     570     573     1167    1409    1790    1550    1342    1131    390     125     
	4172   1968 823     371     1321    73      790     1559    943     16      78      467     864     1042    1531    1577    1567    1340    1065    421     -107    
	4172   1969 820     305     1348    54      711     1613    956     335     -78     161     690     1281    1430    1799    1603    1266    1039    561     -307    
	4172   1970 811     243     1304    -112    633     1587    982     9       -29     166     539     1192    1628    1528    1605    1316    927     705     95      
	4172   1971 848     367     1335    150     746     1578    793     129     235     110     741     1385    1370    1685    1673    1132    843     402     422     
	4172   1972 780     399     1213    225     744     1496    716     -98     359     465     694     1070    1347    1674    1463    1008    641     502     216     
	4172   1973 829     342     1340    169     704     1654    798     129     161     388     509     1209    1589    1674    1698    1346    693     357     141     
	4172   1974 882     436     1237    326     794     1455    786     461     381     572     740     1068    1340    1444    1577    1242    534     592     595     
	4172   1975 887     480     1365    463     719     1650    850     610     153     366     701     1090    1412    1753    1776    1441    715     400     174     
	4172   1976 857     303     1366    185     656     1698    943     225     156     144     581     1242    1687    1909    1498    1262    1023    542     -9      
	4172   1977 879     460     1223    176     756     1502    944     168     389     644     520     1097    1412    1574    1518    1199    1076    553     355     
	4172   1978 783     446     1206    160     772     1418    854     158     -55     543     644     1125    1409    1448    1398    1197    912     452     99      
	4172   1979 770     223     1255    -149    731     1500    853     -413    -133    394     630     1165    1574    1481    1447    1220    925     409     473     
	4172   1980 801     410     1266    228     720     1494    847     -132    350     432     618     1106    1416    1464    1601    1376    791     375     205     
	4172   1981 846     368     1347    80      959     1544    879     36      -9      775     795     1301    1464    1597    1569    1342    771     529     -82     
	4172   1982 905     294     1382    15      731     1658    1089    -38     182     402     604     1182    1520    1827    1623    1520    988     762     244     
	4172   1983 911     477     1418    207     800     1751    887     486     -144    474     860     1067    1607    1942    1698    1320    915     425     193     
	4172   1984 817     327     1223    132     608     1503    983     152     43      218     570     1035    1346    1545    1614    1211    1044    692     296     
	4172   1985 737     278     1286    -146    793     1469    738     -463    -284    345     742     1291    1290    1629    1483    1263    851     97      512     
	4172   1986 803     228     1278    23      745     1580    911     119     -626    325     552     1352    1586    1630    1523    1000    1010    720     322     
	4172   1987 765     277     1294    -39     623     1506    974     -480    50      29      918     930     1380    1623    1513    1393    988     539     265     
	4172   1988 909     478     1331    352     803     1527    881     512     273     277     708     1419    1398    1605    1573    1262    956     421     468     
	4172   1989 926     504     1362    328     894     1588    920     239     272     641     661     1372    1477    1684    1601    1358    1051    346     357     
	4172   1990 950     577     1331    454     896     1616    895     381     642     685     686     1310    1468    1583    1793    1125    1071    483     147     
	4172   1991 808     403     1264    57      722     1565    875     196     -196    663     617     883     1235    1821    1627    1380    818     429     140     
	4172   1992 909     397     1425    201     902     1692    816     156     316     521     764     1417    1582    1727    1765    1272    614     569     191     
	4172   1993 829     342     1357    168     924     1513    645     316     -22     357     1033    1385    1557    1556    1427    1175    715     44      335     
	4172   1994 963     349     1413    230     857     1752    957     307     29      623     726     1218    1536    2061    1653    1261    779     835     458     
	4172   1995 888     507     1367    373     763     1669    943     136     540     306     812     1171    1379    1911    1707    1197    1190    434     -156    
	4172   1996 695     225     1223    -139    632     1501    787     -151    -110    129     741     1028    1447    1489    1565    1054    879     424     -178    
	4172   1997 920     334     1394    -4      878     1703    881     -252    462     685     678     1266    1536    1665    1903    1296    782     567     417     
	4172   1998 -999999 552     1384    454     957     1564    -999999 388     569     594     881     1393    1570    1554    1567    1330    -999999 -999999 -999999 
	