EUROPEAN CLIMATE ASSESSMENT & DATASET (ECA&D), file created on: 12-03-2026
THESE DATA CAN BE USED FOR NON-COMMERCIAL RESEARCH AND EDUCATION PROVIDED THAT THE FOLLOWING SOURCE IS ACKNOWLEDGED: 

Klein Tank, A.M.G. and Coauthors, 2002. Daily dataset of 20th-century surface
air temperature and precipitation series for the European Climate Assessment.
Int. J. of Climatol., 22, 1441-1453.
Data and metadata available at http://www.ecad.eu

FILE FORMAT (MISSING VALUE CODE = -999999):

THIS FILE HOLDS DATA FOR STATION GERMANY                                  BRILON                                   (STAID:   4897)
LATITUDE: dd:mm:ss +51:24:12
LONGITUDE: ddd:mm:ss +008:33:42
ELEVATION: m  472

DATA IS FOR INDEX Mean of daily mean temperature (TG) with unit 0.01 Temperature (&#176;C)

01-06 SOUID: Source identifier
08-11 YEAR : YYYY
13-20 ANNUAL DATA VALUES
21-28 WINTER HALF YEAR DATA VALUES
29-36 SUMMER HALF YEAR DATA VALUES
37-44 WINTER (DJF) DATA VALUES
45-52 SPRING (MAM) DATA VALUES
53-60 SUMMER (JJA) DATA VALUES
61-68 AUTUMN (SON) DATA VALUES
69-76 JANUARY DATA VALUES
etc. 
157-164 DECEMBER DATA VALUES

4897   1937 792     -999999 1309    -999999 754     1517    818     80      205     181     702     1379    1464    1528    1558    1208    959     283     -86     
	4897   1938 788     336     1216    31      653     1548    941     143     38      648     346     955     1482    1515    1645    1337    771     720     -187    
	4897   1939 765     305     1282    72      596     1589    777     254     156     118     733     941     1544    1586    1634    1244    545     550     -155    
	4897   1940 608     24      1198    -406    691     1422    761     -800    -254    258     708     1106    1517    1454    1296    1097    710     478     -285    
	4897   1941 667     113     1188    -279    511     1567    708     -509    -19     299     460     772     1585    1779    1339    1181    735     206     135     
	4897   1942 686     -10     1280    -416    663     1490    934     -794    -608    215     678     1095    1323    1450    1692    1430    1085    282     293     
	4897   1943 836     419     1312    204     852     1525    844     66      259     511     829     1215    1267    1656    1645    1239    1029    257     7       
	4897   1944 748     221     1290    18      601     1577    770     269     -239    -27     796     1042    1268    1596    1855    1160    792     357     67      
	4897   1945 -999999 -999999 -999999 -999999 -999999 -999999 -999999 -999999 -999999 -999999 -999999 -999999 -999999 -999999 -999999 -999999 -999999 -999999 -999999 
	4897   1946 768     -999999 1342    -999999 823     1520    821     -134    147     290     938     1245    1317    1703    1508    1324    708     436     -229    
	4897   1947 832     32      1550    -418    837     1800    970     -370    -681    273     841     1396    1731    1820    1845    1649    817     449     113     
	4897   1948 866     386     1317    151     891     1503    857     312     19      587     877     1209    1480    1505    1524    1299    808     467     271     
	4897   1949 854     338     1359    201     729     1489    1002    143     189     139     957     1099    1266    1617    1575    1632    1040    334     225     
	4897   1950 789     383     1326    156     743     1656    763     -69     329     435     532     1256    1665    1642    1660    1179    727     385     -293    
	4897   1951 820     223     1268    20      594     1524    937     183     185     155     574     1052    1397    1595    1576    1400    762     656     274     
	4897   1952 713     310     1297    50      819     1563    528     -42     -92     288     992     1182    1383    1657    1642    908     610     62      -75     
	4897   1953 834     148     1286    -104    823     1501    937     -151    -83     501     793     1173    1453    1537    1511    1238    1023    546     406     
	4897   1954 697     300     1144    -71     661     1360    869     -396    -239    417     451     1107    1425    1211    1445    1213    941     450     273     
	4897   1955 673     204     1196    -42     474     1481    779     -133    -289    -58     613     872     1332    1566    1540    1241    710     388     233     
	4897   1956 603     101     1124    -255    600     1302    751     -75     -970    263     383     1146    1114    1544    1243    1295    735     223     249     
	4897   1957 784     369     1177    200     711     1502    777     45      318     633     664     835     1533    1625    1348    1050    898     379     55      
	4897   1958 732     216     1232    54      472     1473    856     -27     143     -154    405     1163    1300    1520    1592    1393    856     319     228     
	4897   1959 839     347     1322    103     835     1585    825     -32     115     573     866     1067    1429    1747    1573    1237    869     367     204     
	4897   1960 752     321     1169    99      708     1383    862     -24     118     383     628     1112    1391    1364    1395    1111    895     581     49      
	4897   1961 811     407     1244    148     747     1372    983     -44     470     505     941     802     1394    1297    1424    1615    1014    318     -8      
	4897   1962 593     216     1070    26      423     1289    721     129     -49     -133    649     760     1192    1298    1373    1137    845     178     -301    
	4897   1963 622     -56     1215    -550    664     1432    909     -844    -502    250     750     994     1382    1525    1387    1241    767     723     -268    
	4897   1964 735     197     1296    -96     642     1505    774     -123    116     -20     714     1235    1487    1595    1433    1301    620     407     52      
	4897   1965 632     174     1111    -40     552     1329    638     54      -246    126     535     994     1378    1290    1321    1139    690     84      148     
	4897   1966 767     219     1252    107     732     1441    797     -235    442     201     799     1198    1529    1366    1430    1183    1035    163     82      
	4897   1967 792     338     1244    132     678     1518    870     97      226     406     486     1135    1305    1751    1492    1274    1014    319     -50     
	4897   1968 710     225     1233    -106    690     1464    842     -176    -92     318     820     935     1421    1476    1492    1249    955     319     -222    
	4897   1969 715     167     1269    -94     589     1534    879     178     -255    -10     584     1193    1336    1738    1522    1219    1029    386     -409    
	4897   1970 686     119     1196    -243    476     1500    868     -121    -194    3       362     1060    1554    1406    1543    1235    805     567     -45     
	4897   1971 759     240     1272    26      668     1506    709     72      53      -19     716     1308    1241    1643    1625    1076    812     236     283     
	4897   1972 703     306     1125    118     644     1429    642     -200    281     417     551     960     1266    1615    1399    938     656     332     197     
	4897   1973 740     253     1263    77      587     1591    757     18      9       286     349     1117    1512    1565    1693    1324    677     272     4       
	4897   1974 770     331     1161    185     715     1371    660     323     233     465     721     961     1242    1316    1550    1165    378     445     408     
	4897   1975 793     348     1281    338     588     1585    783     417     173     255     542     966     1271    1667    1808    1411    661     280     20      
	4897   1976 -999999 192     -999999 51      -999999 1638    841     54      80      52      -999999 -999999 1605    1796    1512    1164    951     405     -149    
	4897   1977 770     330     1121    19      644     1417    841     -5      230     538     389     996     1332    1470    1445    1076    1063    376     285     
	4897   1978 684     329     1105    43      648     1329    800     -9      -168    381     539     1022    1295    1362    1328    1069    902     425     0       
	4897   1979 666     136     1166    -252    601     1400    797     -496    -259    215     513     1071    1486    1355    1361    1201    892     295     292     
	4897   1980 678     290     1165    94      570     1392    743     -235    236     255     499     955     1298    1347    1527    1351    689     190     12      
	4897   1981 710     203     1241    -102    826     1415    771     -138    -186    612     673     1188    1326    1444    1473    1326    650     342     -247    
	4897   1982 832     188     1327    -66     661     1588    1004    -22     87      312     538     1128    1459    1741    1561    1518    904     593     113     
	4897   1983 817     340     1330    61      668     1689    821     307     -269    340     731     936     1485    1907    1667    1236    813     413     145     
	4897   1984 710     236     1120    20      518     1392    902     6       -98     120     561     874     1168    1418    1581    1104    959     642     158     
	4897   1985 639     188     1188    -232    665     1367    672     -545    -316    195     608     1191    1148    1545    1401    1218    835     -41     349     
	4897   1986 689     102     1179    -145    631     1480    836     -78     -764    224     416     1245    1458    1533    1449    949     955     600     167     
	4897   1987 649     150     1185    -172    504     1372    868     -638    -31     -154    869     808     1222    1499    1389    1321    906     377     188     
	4897   1988 791     341     1237    213     684     1436    787     361     81      115     652     1284    1284    1497    1523    1163    882     312     299     
	4897   1989 885     451     1280    294     813     1513    895     288     295     614     522     1293    1381    1586    1568    1312    1003    368     341     
	4897   1990 848     509     1239    360     804     1530    798     239     514     584     586     1235    1356    1497    1731    1003    1036    345     10      
	4897   1991 745     310     1203    -63     668     1498    835     71      -293    634     577     791     1104    1750    1626    1350    781     375     92      
	4897   1992 838     330     1363    144     781     1646    745     84      265     381     627     1331    1523    1689    1723    1262    503     480     176     
	4897   1993 754     286     1265    137     861     1405    592     227     -6      313     961     1311    1418    1429    1368    1091    684     -1      197     
	4897   1994 859     255     1318    109     750     1662    861     190     -79     496     664     1088    1402    1991    1584    1156    729     701     313     
	4897   1995 804     375     1303    214     659     1630    881     -12     354     175     688     1116    1293    1882    1702    1107    1169    357     -220    
	4897   1996 621     157     1152    -207    549     1435    705     -194    -206    17      746     889     1354    1400    1547    965     857     289     -242    
	4897   1997 809     266     1290    -39     713     1613    792     -191    354     537     497     1098    1420    1546    1866    1289    697     394     168     
	4897   1998 798     380     1275    252     808     1465    666     188     416     418     723     1281    1479    1428    1490    1239    678     81      128     
	4897   1999 856     274     1372    120     841     1539    905     267     -52     502     766     1252    1350    1769    1492    1589    817     311     139     
	4897   2000 880     336     1333    157     880     1476    939     65      277     401     895     1344    1527    1307    1595    1323    941     552     322     
	4897   2001 803     397     1260    195     717     1556    856     57      206     293     553     1300    1259    1678    1721    1015    1215    325     -50     
	4897   2002 850     422     1300    170     772     1593    814     178     404     456     648     1206    1543    1544    1692    1147    725     573     59      
	4897   2003 864     288     1445    -45     834     1805    802     -79     -122    540     730     1229    1763    1737    1914    1281    501     634     182     
	4897   2004 795     290     1287    100     701     1535    866     -18     139     301     812     992     1376    1504    1719    1308    955     333     103     
	4897   2005 855     302     1331    47      785     1513    1016    174     -156    363     867     1128    1480    1640    1418    1449    1152    443     86      
	4897   2006 892     -999999 1414    -999999 624     1659    1187    -163    -88     35      648     1189    1535    2048    1389    1661    1215    683     424     
	4897   2007 896     598     1356    385     952     1545    758     378     350     518     1069    1272    1569    1562    1504    1151    774     349     227     
	4897   2008 846     388     1310    301     746     1590    812     353     324     294     611     1327    1526    1639    1603    1132    852     450     15      
	4897   2009 845     252     1408    -48     888     1583    947     -165    13      329     1114    1228    1326    1665    1751    1354    755     739     -14     
	4897   2010 698     222     1293    -168    647     1663    766     -384    -101    323     782     842     1490    1944    1551    1134    795     368     -410    
	4897   2011 917     234     1403    -83     949     1515    1019    66      115     464     1098    1291    1493    1427    1625    1482    937     640     317     
	4897   2012 821     404     1310    57      876     1550    845     132     -300    661     676     1284    1333    1566    1744    1235    847     453     165     
	4897   2013 761     173     1296    -42     514     1617    866     -102    -204    -152    691     1009    1385    1763    1695    1217    1012    366     378     
	4897   2014 950     521     1347    347     924     1538    1047    267     401     687     999     1088    1396    1783    1431    1374    1127    636     174     
	4897   2015 901     424     1324    115     739     1661    890     133     31      412     723     1081    1410    1750    1815    1141    771     763     714     
	4897   2016 874     473     1417    350     719     1648    910     146     180     255     660     1241    1562    1703    1675    1651    741     342     307     
	4897   2017 871     365     1326    135     863     1626    877     -167    277     683     588     1310    1627    1647    1603    1159    1024    445     204     
	4897   2018 973     318     1582    81      936     1808    1004    296     -292    178     1191    1447    1600    1952    1864    1418    1073    519     341     
	4897   2019 944     493     1407    266     768     1795    918     -30     510     550     830     927     1840    1731    1814    1294    1027    430     380     
	4897   2020 966     506     1414    379     821     1674    1009    344     413     430     990     1049    1553    1569    1898    1417    934     679     302     
	4897   2021 830     422     1280    157     602     1627    929     -6      177     432     430     938     1760    1633    1494    1418    940     429     270     
	4897   2022 984     458     1434    274     845     1777    1059    204     356     536     672     1323    1685    1738    1905    1261    1233    677     168     
	4897   2023 937     522     -999999 245     737     -999999 1102    254     321     463     622     1122    1729    1684    -999999 1685    1150    468     384     
	4897   2024 987     564     1446    364     972     1669    971     135     587     661     882     1371    1464    1696    1841    1406    1046    460     275     
	4897   2025 941     451     1425    190     904     1688    942     167     119     604     938     1170    1691    1699    1676    1366    891     570     349     
	4897   2026 -999999 -999999 -999999 210     -999999 -999999 -999999 -16     306     -999999 -999999 -999999 -999999 -999999 -999999 -999999 -999999 -999999 -999999 
	