EUROPEAN CLIMATE ASSESSMENT & DATASET (ECA&D), file created on: 12-03-2026
THESE DATA CAN BE USED FOR NON-COMMERCIAL RESEARCH AND EDUCATION PROVIDED THAT THE FOLLOWING SOURCE IS ACKNOWLEDGED: 

Klein Tank, A.M.G. and Coauthors, 2002. Daily dataset of 20th-century surface
air temperature and precipitation series for the European Climate Assessment.
Int. J. of Climatol., 22, 1441-1453.
Data and metadata available at http://www.ecad.eu

FILE FORMAT (MISSING VALUE CODE = -999999):

THIS FILE HOLDS DATA FOR STATION GERMANY                                  KAHLER ASTEN (WST)                       (STAID:    812)
LATITUDE: dd:mm:ss +51:10:54
LONGITUDE: ddd:mm:ss +008:29:24
ELEVATION: m  839

DATA IS FOR INDEX Mean of daily mean temperature (TG) with unit 0.01 Temperature (&#176;C)

01-06 SOUID: Source identifier
08-11 YEAR : YYYY
13-20 ANNUAL DATA VALUES
21-28 WINTER HALF YEAR DATA VALUES
29-36 SUMMER HALF YEAR DATA VALUES
37-44 WINTER (DJF) DATA VALUES
45-52 SPRING (MAM) DATA VALUES
53-60 SUMMER (JJA) DATA VALUES
61-68 AUTUMN (SON) DATA VALUES
69-76 JANUARY DATA VALUES
etc. 
157-164 DECEMBER DATA VALUES

812    1887 -999999 -999999 910     -999999 216     1260    331     -999999 -999999 -202    311     542     1157    1425    1194    814     166     18      -362    
	812    1888 384     -230    885     -431    224     1109    485     -365    -576    -275    171     775     1198    1019    1112    1025    370     65      56      
	812    1889 -999999 -90     -999999 -249    -999999 1292    515     -272    -560    -240    316     -999999 1569    1175    1141    793     514     239     -404    
	812    1890 429     8       947     -276    468     1108    504     35      -480    103     283     1011    952     1122    1243    1054    453     7       -705    
	812    1891 -999999 -999999 917     -999999 312     1111    630     -999999 -12     -74     129     874     1095    1167    1071    1151    733     4       -999999 
	812    1892 -999999 -999999 1016    -999999 332     1260    -999999 -999999 -221    -258    356     900     1140    1204    1432    1046    -999999 259     -433    
	812    1893 523     -999999 1073    -420    597     1312    489     -733    -58     197     706     891     1206    1367    1360    895     649     -83     -152    
	812    1894 523     31      978     -207    581     1178    515     -344    -118    217     793     741     999     1386    1144    797     475     273     -119    
	812    1895 -999999 -153    -999999 -527    437     -999999 -999999 -614    -883    -108    529     891     -999999 1292    1297    1394    -999999 251     -302    
	812    1896 -999999 -999999 921     -999999 386     1227    442     -999999 -228    252     212     688     1305    1332    1047    929     516     -123    -999999 
	812    1897 -999999 -999999 -999999 -999999 394     -999999 -999999 -453    -84     147     340     693     1376    -999999 1368    880     -999999 244     -47     
	812    1898 -999999 -999999 983     -19     344     1219    728     161     -186    -55     358     729     1081    1025    1547    1149    691     345     -999999 
	812    1899 -999999 -999999 976     -999999 340     1305    -999999 -999999 -999999 -17     327     710     1109    1383    1415    889     590     -999999 -467    
	812    1900 530     -999999 1002    -250    250     1302    621     -158    -110    -256    304     703     1193    1489    1219    1092    567     205     70      
	812    1901 493     -36     1072    -289    415     1327    585     -353    -616    -136    437     945     1164    1520    1291    1056    622     74      -165    
	812    1902 409     36      863     -185    305     1129    427     -48     -357    53      422     444     1166    1152    1071    919     413     -52     -318    
	812    1903 511     38      904     -142    398     1138    617     -156    70      270     20      893     1077    1218    1117    1083    654     112     -261    
	812    1904 518     -11     1032    -271    448     1315    488     -295    -256    -33     523     857     1123    1536    1280    852     542     69      -13     
	812    1905 -999999 27      -999999 -193    395     -999999 343     -398    -166    109     237     835     1341    1466    -999999 917     101     17      -114    
	812    1906 528     -98     1030    -185    413     1256    728     -174    -276    -155    452     945     1084    1358    1320    1002    803     378     -457    
	812    1907 -999999 1       -999999 -385    -999999 1077    753     -291    -410    -46     236     -999999 1052    995     1183    1086    876     292     -999999 
	812    1908 501     -999999 970     -999999 311     1273    593     -202    -172    -118    104     940     1388    1368    1068    940     776     58      -187    
	812    1909 -999999 -999999 923     -304    -999999 1113    539     -271    -470    -999999 459     782     966     1074    1296    951     743     -83     -111    
	812    1910 -999999 81      979     -98     461     1223    -999999 -130    -47     96      373     912     1264    1178    1226    908     -999999 -112    56      
	812    1911 -999999 -999999 -999999 -136    483     -999999 665     -289    -178    106     378     962     -999999 1609    1669    1225    588     182     76      
	812    1912 515     164     911     -24     493     1229    331     -236    98      274     350     850     1187    1488    1010    561     450     -22     143     
	812    1913 -999999 96      -999999 -56     558     1087    -999999 -242    -70     299     486     887     1070    1058    1132    -999999 817     386     -103    
	812    1914 566     154     1040    -142    495     1305    532     -490    200     125     671     694     1067    1407    1432    953     554     88      68      
	812    1915 -999999 22      -999999 -123    -999999 -999999 376     -295    -143    -156    -999999 945     -999999 1191    1170    916     362     -150    95      
	812    1916 499     48      924     -20     513     1080    498     52      -220    128     446     963     819     1166    1246    881     495     118     -150    
	812    1917 -999999 -171    -999999 -421    -999999 -999999 -999999 -598    -524    -391    -999999 1211    -999999 -999999 1282    1166    -999999 -999999 -382    
	812    1918 571     -999999 989     -144    624     1108    499     -28     -9      192     556     1120    857     1228    1233    921     515     61      151     
	812    1919 418     41      927     -96     335     1100    421     -237    -215    -52     168     885     1091    995     1213    1202    286     -219    -140    
	812    1920 -999999 57      1000    -31     623     1174    538     -98     157     351     512     1002    1103    1338    1078    954     555     105     -999999 
	812    1921 -999999 -999999 -999999 -999999 590     -999999 -999999 106     -123    316     444     1005    1015    1524    -999999 -999999 982     -172    -116    
	812    1922 -999999 -8      -999999 -299    380     1164    -999999 -511    -266    3       127     1003    1183    1161    1149    -999999 208     13      -47     
	812    1923 -999999 -999999 897     -999999 412     1117    548     -185    -999999 197     317     717     645     1482    1208    988     680     -28     -417    
	812    1924 462     -128    941     -443    386     1133    593     -361    -559    -108    241     1022    1126    1267    1005    971     673     131     87      
	812    1925 497     108     991     27      414     1243    405     -1      -8      -243    457     1028    1052    1397    1274    713     594     -98     -246    
	812    1926 539     47      996     -93     440     1168    634     -260    263     45      664     617     946     1331    1219    1200    423     305     -258    
	812    1927 460     71      926     -183    403     1198    495     -144    -143    229     276     698     958     1343    1284    979     563     -59     -508    
	812    1928 494     -30     930     -225    310     1216    607     -138    -17     -20     359     593     967     1459    1214    970     590     261     -320    
	812    1929 475     -115    1011    -576    381     1243    709     -584    -852    158     15      958     1009    1358    1355    1350    583     200     46      
	812    1930 568     134     1018    -48     473     1290    601     82      -298    153     465     801     1462    1182    1231    960     571     272     -114    
	812    1931 441     -18     933     -234    358     1195    459     -244    -355    -262    204     1126    1198    1261    1127    658     452     267     -195    
	812    1932 527     -13     1053    -191    297     1359    561     86      -483    -225    267     848     1103    1383    1583    1115    451     121     32      
	812    1933 482     40      1026    -219    484     1279    575     -414    -281    300     370     779     1057    1421    1353    1159    578     -11     -584    
	812    1934 611     -68     1133    -329    538     1293    654     -215    -174    -8      707     920     1248    1395    1235    1290    599     76      211     
	812    1935 482     55      995     -103    317     1324    551     -319    -213    -49     344     656     1295    1356    1318    986     448     221     -301    
	812    1936 503     58      955     -195    424     1246    464     -35     -252    252     132     877     1258    1205    1274    965     290     144     -107    
	812    1937 524     -32     1064    -159    451     1289    578     -259    -106    -155    394     1113    1229    1279    1358    994     721     13      -341    
	812    1938 523     80      958     -231    398     1283    666     -147    -204    410     84      689     1198    1261    1389    1114    481     409     -456    
	812    1939 481     12      1009    -210    299     1310    493     -76     -86     -197    452     647     1280    1276    1374    1014    250     224     -412    
	812    1940 -999999 -235    -999999 -612    400     -999999 504     -902    -517    -55     396     860     1283    -999999 1034    861     466     184     -542    
	812    1941 389     -158    905     -549    209     1278    448     -760    -324    23      147     455     1318    1475    1044    982     464     -102    -102    
	812    1942 -999999 -262    -999999 -644    -999999 1197    666     -1066   -776    -35     356     -999999 1027    1137    1421    1158    830     4       -31     
	812    1943 571     140     1040    -90     571     1257    587     -275    51      247     527     938     975     1406    1381    991     778     -15     -199    
	812    1944 468     -31     1003    -226    318     1298    467     3       -498    -285    482     763     953     1301    1628    865     503     30      -178    
	812    1945 -999999 -999999 -999999 -999999 -999999 -999999 -999999 -999999 -999999 -999999 -999999 -999999 -999999 -999999 -999999 -999999 -999999 -999999 -999999 
	812    1946 -999999 -999999 -999999 -999999 -999999 -999999 -999999 -999999 -999999 -999999 -999999 -999999 -999999 -999999 -999999 -999999 -999999 -999999 -999999 
	812    1947 598     -999999 1295    -999999 574     1533    776     -597    -839    17      604     1102    1434    1552    1610    1456    676     199     -131    
	812    1948 640     178     1071    -96     688     1249    667     46      -212    463     630     968     1203    1264    1279    1073    574     357     0       
	812    1949 647     144     1149    -8      509     1280    799     -33     11      -54     737     851     1028    1412    1391    1470    830     96      -14     
	812    1950 550     153     1081    -85     505     1423    516     -292    65      220     255     1032    1430    1405    1435    909     517     122     -526    
	812    1951 578     -29     1022    -238    342     1277    704     -81     -93     -113    315     824     1133    1360    1333    1152    585     377     99      
	812    1952 480     83      1070    -166    577     1342    291     -307    -298    27      797     913     1145    1454    1422    668     370     -169    -293    
	812    1953 644     -47     1082    -302    648     1294    740     -332    -279    391     584     967     1256    1323    1302    1046    858     312     232     
	812    1954 472     100     920     -271    451     1131    640     -600    -464    216     246     885     1193    975     1225    986     729     202     6       
	812    1955 417     -39     941     -292    198     1239    527     -350    -556    -309    334     574     1057    1334    1321    1013    453     118     -52     
	812    1956 340     -158    862     -506    339     1021    498     -329    -1181   -13     124     899     825     1261    972     1070    486     -63     -45     
	812    1957 523     97      918     -80     455     1240    516     -217    31      380     415     568     1270    1369    1081    797     650     96      -198    
	812    1958 469     -48     960     -216    209     1200    615     -299    -145    -394    105     914     1030    1247    1317    1130    621     94      -41     
	812    1959 643     123     1151    -110    614     1399    666     -296    19      329     615     898     1219    1588    1383    1188    704     105     -84     
	812    1960 489     50      942     -206    467     1135    598     -325    -209    98      391     910     1194    1076    1138    932     611     250     -218    
	812    1961 562     132     1007    -132    519     1131    740     -366    224     302     688     573     1181    1024    1189    1394    744     82      -290    
	812    1962 349     -62     816     -273    154     1049    505     -172    -366    -393    378     484     976     1035    1134    885     677     -54     -440    
	812    1963 393     -249    986     -729    426     1204    653     -1022   -724    32      493     754     1144    1321    1145    1052    527     384     -450    
	812    1964 497     -52     1071    -320    401     1300    522     -301    -201    -265    455     1016    1280    1401    1219    1039    382     149     -229    
	812    1965 399     -87     871     -321    312     1091    463     -243    -511    -103    297     741     1145    1010    1118    906     644     -168    -120    
	812    1966 509     -12     999     -168    466     1179    562     -523    170     -61     528     933     1280    1108    1151    989     764     -72     -167    
	812    1967 540     56      999     -158    398     1286    641     -206    -94     92      240     857     1077    1519    1256    1022    739     158     -227    
	812    1968 471     12      968     -295    409     1208    613     -355    -302    44      533     654     1139    1220    1262    994     754     88      -397    
	812    1969 464     -75     1013    -346    308     1270    692     -113    -547    -275    299     902     1058    1474    1270    1055    911     102     -641    
	812    1970 443     -106    954     -477    200     1279    631     -313    -476    -249    54      790     1335    1140    1364    1025    572     299     -279    
	812    1971 532     -8      1045    -209    424     1258    518     -138    -210    -300    504     1069    981     1423    1361    908     647     -6      81      
	812    1972 461     80      871     -141    402     1174    437     -477    -17     241     267     694     1011    1356    1149    729     480     100     -29     
	812    1973 502     40      1015    -140    326     1351    535     -162    -239    61      78      830     1242    1302    1506    1113    473     22      -255    
	812    1974 511     76      917     -85     473     1127    389     47      -43     199     497     723     995     1043    1338    892     129     154     115     
	812    1975 559     73      1046    60      328     1358    583     95      -40     -22     284     719     1037    1436    1591    1188    564     -3      -191    
	812    1976 527     -34     1071    -180    339     1408    599     -203    -144    -230    324     922     1370    1564    1291    935     731     126     -385    
	812    1977 515     73      869     -234    371     1169    600     -251    -49     256     106     743     1084    1217    1205    839     847     105     30      
	812    1978 442     71      856     -214    395     1071    594     -263    -432    92      304     786     1027    1109    1075    818     660     301     -242    
	812    1979 416     -78     909     -469    330     1139    557     -711    -452    -50     231     806     1214    1098    1109    990     636     41      22      
	812    1980 426     38      916     -144    313     1132    489     -441    -4      -27     248     716     1022    1093    1278    1126    418     -74     -251    
	812    1981 471     -43     998     -322    574     1176    515     -338    -384    336     449     931     1066    1196    1262    1069    385     94      -472    
	812    1982 580     -53     1074    -287    396     1336    740     -191    -189    45      261     878     1202    1492    1310    1283    641     299     -119    
	812    1983 573     81      1085    -178    381     1469    593     53      -499    60      438     646     1225    1680    1494    1007    579     194     -87     
	812    1984 463     -8      883     -233    271     1165    651     -264    -354    -133    315     631     939     1172    1377    845     704     401     -104    
	812    1985 407     -44     950     -443    413     1121    454     -731    -501    -65     342     960     872     1303    1180    1020    622     -286    94      
	812    1986 440     -147    943     -399    372     1240    598     -346    -1002   -50     144     1013    1243    1281    1195    757     705     327     -100    
	812    1987 417     -76     937     -365    253     1114    624     -746    -238    -406    614     565     958     1230    1148    1102    621     151     -22     
	812    1988 534     75      987     -59     429     1182    544     43      -206    -153    390     1047    1040    1207    1294    922     649     58      71      
	812    1989 661     220     1050    78      570     1278    685     83      79      362     259     1079    1150    1359    1319    1110    765     175     133     
	812    1990 596     269     995     104     572     1275    547     -38     230     341     338     1027    1078    1245    1496    758     781     95      -237    
	812    1991 509     58      970     -315    422     1259    608     -208    -520    383     331     548     829     1503    1431    1156    525     146     -96     
	812    1992 605     109     1119    -51     533     1404    497     -89     39      126     377     1090    1296    1453    1458    1019    281     198     -4      
	812    1993 530     68      1032    -53     628     1171    377     -39     -124    84      720     1083    1180    1196    1136    864     458     -193    -53     
	812    1994 617     10      1081    -148    491     1432    643     -79     -330    219     407     845     1174    1774    1339    923     512     498     52      
	812    1995 561     118     1076    -66     407     1414    631     -298    61      -109    451     881     1035    1667    1527    863     926     95      -408    
	812    1996 377     -81     905     -420    290     1187    453     -402    -452    -265    510     632     1121    1149    1288    721     605     27      -434    
	812    1997 558     36      1036    -250    476     1339    542     -326    39      307     258     856     1122    1268    1621    1072    431     127     -120    
	812    1998 521     101     1000    -34     533     1186    403     -108    144     138     433     1025    1187    1145    1226    973     415     -180    -167    
	812    1999 588     -4      1119    -159    563     1279    649     -14     -311    199     511     978     1065    1479    1286    1381    530     41      -157    
	812    2000 619     55      1093    -132    633     1239    660     -206    -25     141     640     1118    1281    1039    1397    1077    666     238     49      
	812    2001 562     118     1028    -76     462     1338    621     -225    -51     17      268     1096    1065    1461    1481    767     992     90      -276    
	812    2002 608     178     1070    -81     518     1368    574     -61     113     201     400     950     1290    1316    1497    949     452     325     -166    
	812    2003 633     50      1216    -268    592     1568    576     -350    -289    306     481     986     1523    1463    1717    1111    254     372     -37     
	812    2004 535     28      1024    -161    433     1271    596     -322    -121    23      564     715     1097    1243    1469    1047    653     85      -53     
	812    2005 575     37      1086    -207    516     1267    764     -147    -443    79      611     862     1251    1381    1169    1234    905     147     -217    
	812    2006 640     0       1168    -286    355     1431    908     -338    -305    -218    363     921     1306    1874    1111    1423    915     386     182     
	812    2007 647     319     1122    110     736     1296    499     65      79      263     912     1038    1335    1277    1276    886     545     64      -17     
	812    2008 595     121     1068    46      486     1341    553     33      129     -27     329     1151    1298    1403    1322    884     574     201     -179    
	812    2009 593     12      1169    -258    648     1326    675     -363    -230    50      914     987     1065    1389    1516    1129    495     408     -282    
	812    2010 453     -49     1050    -416    396     1420    505     -601    -360    31      562     601     1304    1701    1252    864     543     107     -618    
	812    2011 680     -1      1159    -313    746     1249    808     -160    -145    260     917     1067    1235    1153    1359    1217    685     526     0       
	812    2012 574     170     1056    -221    641     1293    617     -144    -539    459     390     1065    1062    1310    1498    988     636     225     -117    
	812    2013 513     -70     1054    -303    254     1402    596     -341    -468    -382    395     753     1148    1594    1456    955     718     111     141     
	812    2014 698     252     1111    64      698     1299    803     -2      52      470     776     852     1164    1568    1161    1138    882     386     -108    
	812    2015 641     158     1076    -165    494     1413    635     -177    -214    147     511     825     1152    1487    1591    868     548     490     398     
	812    2016 618     193     1166    51      446     1394    672     -140    -118    -33     377     991     1300    1445    1435    1433    489     100     111     
	812    2017 631     123     1103    -92     617     1407    640     -387    9       405     326     1110    1394    1422    1404    938     799     176     -80     
	812    2018 734     49      1361    -202    710     1578    779     13      -575    -95     969     1264    1363    1747    1619    1187    856     292     69      
	812    2019 701     248     1181    14      530     1570    658     -287    288     276     620     698     1636    1493    1584    1045    741     184     116     
	812    2020 729     235     1210    107     605     1451    775     123     79      156     819     848     1320    1351    1677    1239    632     460     31      
	812    2021 589     165     1047    -103    342     1403    702     -274    -62     192     180     650     1570    1401    1243    1236    694     177     19      
	812    2022 748     208     1210    9       617     1567    816     -26     37      329     423     1091    1450    1521    1728    1026    988     430     -82     
	812    2023 716     263     1197    -9      489     1464    846     -8      71      164     357     942     1546    1423    1425    1485    873     179     92      
	812    2024 751     284     1211    71      711     1443    750     -131    296     394     595     1142    1216    1467    1638    1185    799     264     65      
	812    2025 713     247     1189    -14     715     1445    669     2       -120    438     760     948     1445    1419    1470    1084    609     315     129     
	812    2026 -999999 -999999 -999999 -2      -999999 -999999 -999999 -199    72      -999999 -999999 -999999 -999999 -999999 -999999 -999999 -999999 -999999 -999999 
	