EUROPEAN CLIMATE ASSESSMENT & DATASET (ECA&D), file created on: 12-03-2026
THESE DATA CAN BE USED FOR NON-COMMERCIAL RESEARCH AND EDUCATION PROVIDED THAT THE FOLLOWING SOURCE IS ACKNOWLEDGED: 

Klein Tank, A.M.G. and Coauthors, 2002. Daily dataset of 20th-century surface
air temperature and precipitation series for the European Climate Assessment.
Int. J. of Climatol., 22, 1441-1453.
Data and metadata available at http://www.ecad.eu

FILE FORMAT (MISSING VALUE CODE = -999999):

THIS FILE HOLDS DATA FOR STATION GERMANY                                  DORTMUND                                 (STAID:   4021)
LATITUDE: dd:mm:ss +51:30:47
LONGITUDE: ddd:mm:ss +007:32:07
ELEVATION: m  120

DATA IS FOR INDEX Mean of daily mean temperature (TG) with unit 0.01 Temperature (&#176;C)

01-06 SOUID: Source identifier
08-11 YEAR : YYYY
13-20 ANNUAL DATA VALUES
21-28 WINTER HALF YEAR DATA VALUES
29-36 SUMMER HALF YEAR DATA VALUES
37-44 WINTER (DJF) DATA VALUES
45-52 SPRING (MAM) DATA VALUES
53-60 SUMMER (JJA) DATA VALUES
61-68 AUTUMN (SON) DATA VALUES
69-76 JANUARY DATA VALUES
etc. 
157-164 DECEMBER DATA VALUES

4021   1950 956     -999999 1479    -999999 920     1807    912     102     563     637     761     1358    1822    1788    1811    1318    855     566     -122    
	4021   1951 963     403     1389    218     740     1647    1041    399     395     331     697     1192    1528    1723    1686    1495    787     850     443     
	4021   1952 900     483     1458    255     985     1725    736     162     154     491     1112    1357    1578    1828    1763    1091    830     285     118     
	4021   1953 1005    327     1473    108     962     1683    1103    77      133     500     962     1425    1639    1728    1682    1390    1176    741     542     
	4021   1954 922     505     1353    151     906     1545    1084    -129    27      636     728     1347    1581    1462    1592    1397    1172    681     509     
	4021   1955 890     440     1412    187     717     1699    965     60      -27     206     867     1082    1546    1816    1731    1416    881     601     436     
	4021   1956 817     320     1318    -36     836     1490    941     171     -763    536     618     1347    1322    1708    1435    1458    932     435     517     
	4021   1957 986     597     1372    456     909     1692    968     294     568     831     866     1030    1707    1810    1560    1251    1054    597     239     
	4021   1958 941     439     1421    288     690     1659    1045    228     408     111     637     1321    1530    1690    1752    1578    1040    518     442     
	4021   1959 1025    514     1535    255     1037    1808    978     173     138     735     1055    1320    1701    1965    1754    1400    988     547     452     
	4021   1960 965     525     1378    330     954     1582    1047    206     332     613     906     1340    1633    1540    1575    1262    1084    793     272     
	4021   1961 997     615     1435    359     953     1573    1121    180     653     717     1073    1073    1613    1505    1602    1747    1142    475     184     
	4021   1962 840     429     1310    258     701     1531    936     359     227     170     904     1034    1507    1517    1567    1322    1060    423     -48     
	4021   1963 849     189     1445    -313    925     1673    1105    -598    -291    549     995     1232    1630    1777    1612    1417    974     929     -100    
	4021   1964 972     412     1554    97      916     1765    980     33      375     274     964     1512    1740    1861    1692    1544    803     599     261     
	4021   1965 892     420     1348    206     843     1558    884     279     65      481     785     1260    1610    1513    1555    1358    1009    281     438     
	4021   1966 993     469     1472    342     969     1659    1009    15      598     478     1004    1427    1753    1586    1641    1415    1199    407     372     
	4021   1967 1037    590     1479    411     935     1750    1086    367     503     675     762     1363    1551    1975    1717    1483    1242    528     226     
	4021   1968 980     499     1496    187     986     1715    1089    157     177     641     1124    1197    1651    1745    1749    1502    1225    535     30      
	4021   1969 979     424     1528    169     850     1785    1164    455     7       256     881     1414    1588    1974    1785    1504    1309    673     -166    
	4021   1970 967     397     1483    19      778     1783    1140    146     83      315     652     1364    1837    1687    1827    1518    1053    853     213     
	4021   1971 1025    517     1517    304     929     1741    990     329     375     278     952     1557    1496    1894    1825    1356    1094    518     574     
	4021   1972 961     584     1376    379     934     1664    904     67      506     741     807     1252    1482    1867    1638    1191    917     604     436     
	4021   1973 1004    519     1520    325     866     1847    1006    260     275     600     657     1334    1775    1820    1945    1572    891     561     304     
	4021   1974 1033    591     1425    463     972     1638    913     596     491     694     997     1226    1551    1565    1796    1407    659     682     695     
	4021   1975 -999999 609     1539    601     848     1856    -999999 684     405     511     819     1213    1562    1912    2084    1627    -999999 -999999 271     
	4021   1976 1037    -999999 1581    316     863     1928    1081    343     337     324     838     1427    1919    2061    1805    1416    1158    666     127     
	4021   1977 1012    588     1359    305     881     1652    1076    279     531     765     676     1194    1561    1735    1655    1317    1245    661     484     
	4021   1978 933     574     1369    284     908     1590    1037    280     68      658     788     1273    1553    1619    1598    1371    1119    617     191     
	4021   1979 907     350     1411    -49     860     1647    1025    -280    -60     484     788     1306    1671    1656    1616    1418    1079    576     562     
	4021   1980 939     538     1423    350     844     1645    992     17      479     514     793     1223    1543    1602    1787    1578    935     464     326     
	4021   1981 969     486     1489    205     1079    1685    1003    171     108     877     915     1440    1579    1735    1739    1513    875     625     -8      
	4021   1982 1050    412     1549    131     907     1814    1214    122     294     557     806     1355    1689    1974    1776    1677    1130    836     341     
	4021   1983 1054    587     1559    317     911     1915    1037    592     -14     588     984     1163    1742    2111    1886    1453    1050    607     402     
	4021   1984 960     492     1366    299     773     1637    1120    309     177     392     815     1112    1453    1665    1788    1349    1200    810     425     
	4021   1985 876     401     1446    -21     919     1628    897     -383    -114    431     912     1413    1412    1801    1664    1455    1013    218     608     
	4021   1986 942     352     1428    126     883     1737    1061    217     -510    477     680     1486    1686    1821    1703    1169    1180    831     447     
	4021   1987 896     405     1448    78      788     1643    1088    -393    192     166     1133    1075    1503    1774    1647    1551    1107    604     364     
	4021   1988 1049    591     1483    459     967     1676    1016    624     384     451     912     1535    1536    1728    1760    1404    1081    560     581     
	4021   1989 1111    689     1524    527     1056    1774    1095    484     515     891     741     1524    1613    1877    1826    1542    1245    493     515     
	4021   1990 1101    740     1483    608     1059    1770    1025    523     806     857     837     1475    1586    1763    1955    1257    1235    577     307     
	4021   1991 981     546     1460    180     951     1749    1022    288     -80     890     854     1105    1397    1988    1851    1543    953     573     321     
	4021   1992 1074    548     1601    354     1067    1870    987     240     511     691     910     1595    1730    1939    1936    1474    747     750     353     
	4021   1993 974     497     1497    295     1088    1661    789     455     55      587     1170    1511    1674    1717    1594    1302    880     183     480     
	4021   1994 1101    498     1553    377     1003    1899    1077    486     141     774     909     1325    1650    2208    1831    1374    922     941     569     
	4021   1995 1045    632     1549    492     905     1876    1114    282     640     448     928     1339    1541    2085    1992    1386    1348    600     -84     
	4021   1996 857     347     1423    -58     811     1728    927     -63     -25     287     974     1178    1683    1714    1786    1190    1035    551     -51     
	4021   1997 1020    469     1507    139     965     1828    966     -119    634     780     777     1332    1657    1763    2060    1430    892     577     430     
	4021   1998 1042    623     1505    518     1065    1704    883     448     691     706     956     1528    1708    1637    1768    1417    909     321     391     
	4021   1999 1111    528     1619    389     1085    1799    1132    510     253     748     1024    1481    1618    1985    1788    1805    1039    555     456     
	4021   2000 1130    613     1559    470     1106    1704    1196    401     559     663     1097    1559    1755    1569    1791    1574    1162    853     562     
	4021   2001 1074    660     1532    450     988     1830    1122    307     485     579     848     1533    1579    1950    1952    1302    1445    609     239     
	4021   2002 1117    699     1554    460     1052    1835    1078    447     718     733     958     1463    1819    1791    1895    1384    993     861     327     
	4021   2003 1054    524     1635    190     1024    2001    975     204     24      698     940     1432    1946    1982    2073    1416    683     835     349     
	4021   2004 983     509     1473    340     907     1720    1029    272     404     516     993     1215    1586    1671    1898    1462    1128    493     137     
	4021   2005 1038    489     1516    214     999     1729    1143    412     80      645     1013    1339    1738    1864    1584    1550    1263    612     283     
	4021   2006 1136    -999999 1652    -999999 885     1923    1362    -29     -999999 304     920     1433    1774    2362    1628    1780    1423    881     635     
	4021   2007 1127    840     1598    657     1186    1796    970     668     670     749     1317    1495    1830    1833    1725    1378    947     584     298     
	