EUROPEAN CLIMATE ASSESSMENT & DATASET (ECA&D), file created on: 12-03-2026
THESE DATA CAN BE USED FOR NON-COMMERCIAL RESEARCH AND EDUCATION PROVIDED THAT THE FOLLOWING SOURCE IS ACKNOWLEDGED: 

Klein Tank, A.M.G. and Coauthors, 2002. Daily dataset of 20th-century surface
air temperature and precipitation series for the European Climate Assessment.
Int. J. of Climatol., 22, 1441-1453.
Data and metadata available at http://www.ecad.eu

FILE FORMAT (MISSING VALUE CODE = -999999):

THIS FILE HOLDS DATA FOR STATION GERMANY                                  ESSEN-BREDENEY                           (STAID:   4074)
LATITUDE: dd:mm:ss +51:24:20
LONGITUDE: ddd:mm:ss +006:58:06
ELEVATION: m  150

DATA IS FOR INDEX Mean of daily mean temperature (TG) with unit 0.01 Temperature (&#176;C)

01-06 SOUID: Source identifier
08-11 YEAR : YYYY
13-20 ANNUAL DATA VALUES
21-28 WINTER HALF YEAR DATA VALUES
29-36 SUMMER HALF YEAR DATA VALUES
37-44 WINTER (DJF) DATA VALUES
45-52 SPRING (MAM) DATA VALUES
53-60 SUMMER (JJA) DATA VALUES
61-68 AUTUMN (SON) DATA VALUES
69-76 JANUARY DATA VALUES
etc. 
157-164 DECEMBER DATA VALUES

4074   1935 967     -999999 1443    -999999 808     1761    1035    153     355     497     812     1115    1706    1809    1765    1441    936     733     247     
	4074   1936 950     558     1397    318     871     1681    899     489     213     716     588     1299    1693    1639    1713    1436    776     489     317     
	4074   1937 -999999 -999999 -999999 -999999 -999999 -999999 -999999 -999999 -999999 -999999 -999999 -999999 -999999 -999999 -999999 -999999 -999999 -999999 -999999 
	4074   1938 987     -999999 1401    -999999 868     1703    1131    369     297     854     611     1131    1626    1672    1810    1542    967     890     34      
	4074   1939 979     523     1485    291     858     1753    992     456     394     394     961     1224    1712    1716    1830    1459    765     759     57      
	4074   1940 825     244     1412    -193    930     1628    965     -575    -53     510     919     1360    1733    1620    1533    1299    918     679     -55     
	4074   1941 881     334     1390    -49     744     1731    940     -244    175     529     704     998     1742    1946    1505    1434    945     443     354     
	4074   1942 868     204     1462    -206    871     1667    1090    -555    -439    420     939     1255    1534    1612    1850    1569    1226    469     443     
	4074   1943 1009    596     1492    375     1068    1683    1005    287     395     731     1064    1409    1438    1812    1790    1419    1151    441     126     
	4074   1944 938     420     1462    226     832     1721    937     486     53      238     1025    1239    1416    1709    2028    1334    935     543     212     
	4074   1945 -999999 -999999 -999999 -999999 -999999 -999999 -999999 -999999 -999999 -999999 -999999 -999999 -999999 -999999 -999999 -999999 -999999 -999999 -999999 
	4074   1946 -999999 -999999 -999999 -999999 -999999 -999999 -999999 -999999 -999999 -999999 -999999 -999999 -999999 -999999 -999999 -999999 -999999 -999999 -999999 
	4074   1947 -999999 -999999 -999999 -999999 -999999 -999999 -999999 -999999 -999999 -999999 -999999 -999999 -999999 -999999 -999999 -999999 -999999 -999999 -999999 
	4074   1948 1051    -999999 1486    -999999 1084    1670    1030    543     251     817     1042    1390    1612    1698    1697    1469    989     633     438     
	4074   1949 1052    546     1539    409     929     1681    1191    376     412     417     1137    1238    1477    1803    1757    1814    1213    543     401     
	4074   1950 979     590     1495    364     938     1827    948     149     563     667     760     1381    1835    1814    1832    1331    934     581     -119    
	4074   1951 1001    428     1436    219     802     1672    1100    389     406     378     772     1256    1558    1742    1711    1566    900     841     462     
	4074   1952 913     516     1476    275     1031    1723    730     179     178     523     1194    1382    1571    1812    1781    1100    812     275     114     
	4074   1953 1018    336     1476    112     993     1664    1132    60      168     571     990     1418    1619    1683    1689    1444    1215    735     567     
	4074   1954 918     516     1350    158     911     1539    1077    -123    15      647     739     1341    1562    1441    1615    1388    1166    675     488     
	4074   1955 901     435     1430    183     715     1722    985     55      -11     203     888     1060    1536    1826    1797    1458    894     605     437     
	4074   1956 821     341     1307    -13     844     1458    965     171     -691    573     613     1338    1284    1672    1415    1506    939     450     504     
	4074   1957 1000    604     1397    442     955     1711    969     278     555     887     917     1059    1738    1814    1581    1264    1058    581     244     
	4074   1958 948     443     1432    271     721     1660    1064    195     385     193     649     1319    1518    1686    1771    1634    1039    520     433     
	4074   1959 1083    525     1605    259     1084    1843    1122    155     182     788     1068    1396    1687    2010    1828    1630    1175    557     447     
	4074   1960 983     564     1413    330     991     1595    1072    204     338     649     918     1405    1661    1525    1600    1357    1091    767     261     
	4074   1961 1025    617     1464    359     984     1594    1169    161     685     750     1111    1095    1618    1531    1633    1799    1197    512     204     
	4074   1962 823     443     1284    246     682     1507    926     334     196     192     870     989     1463    1500    1557    1320    1047    409     -35     
	4074   1963 832     192     1416    -289    893     1637    1088    -576    -251    520     975     1186    1589    1748    1571    1419    948     903     -104    
	4074   1964 958     406     1527    98      910     1724    979     35      382     285     950     1495    1653    1823    1694    1530    808     603     234     
	4074   1965 887     408     1335    185     822     1548    917     247     62      467     767     1229    1605    1477    1564    1357    1082    307     416     
	4074   1966 980     477     1457    334     941     1640    1012    11      600     449     965     1408    1733    1566    1623    1439    1186    405     360     
	4074   1967 1010    570     1454    387     906     1728    1062    330     481     645     753     1315    1521    1945    1710    1457    1199    527     192     
	4074   1968 942     473     1442    166     935     1660    1055    143     164     598     1072    1138    1582    1693    1703    1454    1197    508     23      
	4074   1969 946     402     1480    140     819     1727    1151    408     -28     265     846     1347    1532    1906    1735    1498    1323    626     -171    
	4074   1970 932     381     1439    12      735     1734    1109    135     78      274     593     1333    1801    1621    1782    1492    1036    800     188     
	4074   1971 996     484     1491    269     904     1695    982     302     323     248     947     1518    1446    1858    1772    1379    1090    473     541     
	4074   1972 925     563     1327    352     901     1603    880     54      468     744     766     1188    1420    1790    1595    1181    925     533     415     
	4074   1973 968     489     1479    299     824     1800    992     243     234     563     604     1297    1734    1759    1905    1557    914     508     248     
	4074   1974 998     554     1395    413     947     1609    875     536     459     647     999     1197    1511    1550    1762    1342    650     642     645     
	4074   1975 1018    576     1509    568     807     1825    999     626     418     462     782     1177    1519    1888    2057    1610    875     517     239     
	4074   1976 1018    435     1565    296     850     1911    1057    330     320     322     819     1408    1890    2038    1803    1416    1130    624     93      
	4074   1977 990     558     1341    278     864     1623    1047    255     508     737     640     1206    1507    1708    1650    1313    1220    602     491     
	4074   1978 909     548     1338    277     891     1551    992     248     73      611     783     1276    1517    1585    1551    1304    1103    566     225     
	4074   1979 882     335     1379    -48     834     1605    1022    -305    -67     456     778     1265    1624    1620    1571    1407    1131    524     517     
	4074   1980 918     530     1405    342     840     1608    961     16      502     488     797     1232    1493    1574    1755    1570    902     415     270     
	4074   1981 938     450     1450    169     1042    1635    982     113     118     847     906     1368    1509    1686    1706    1512    848     590     -5      
	4074   1982 1048    414     1543    154     911     1790    1207    169     313     566     811     1352    1665    1954    1748    1713    1110    800     328     
	4074   1983 1040    563     1549    300     869     1930    1031    548     -6      553     939     1117    1715    2141    1929    1433    1044    615     370     
	4074   1984 951     490     1352    286     776     1621    1107    280     203     411     841     1078    1395    1627    1835    1319    1155    847     397     
	4074   1985 859     407     1414    -2      902     1580    885     -346    -62     420     883     1404    1354    1766    1612    1446    1015    190     547     
	4074   1986 919     337     1398    109     851     1701    1046    181     -456    466     632     1449    1677    1779    1647    1181    1178    776     403     
	4074   1987 878     392     1408    64      782     1581    1076    -396    199     188     1142    1028    1413    1705    1619    1536    1117    574     385     
	4074   1988 1023    574     1449    441     961     1620    1007    575     356     425     931     1525    1513    1628    1716    1366    1095    556     559     
	4074   1989 1102    667     1515    494     1042    1748    1121    446     474     849     712     1555    1616    1844    1780    1564    1213    585     528     
	4074   1990 1078    726     1467    571     1057    1736    1019    458     744     824     851     1491    1516    1735    1949    1236    1237    576     282     
	4074   1991 979     551     1444    188     938     1714    1050    305     -46     893     865     1055    1303    1962    1863    1597    1007    548     313     
	4074   1992 1054    539     1579    337     1051    1835    968     231     474     658     888     1603    1737    1906    1858    1459    743     710     366     
	4074   1993 984     507     1496    319     1105    1649    819     474     94      622     1179    1516    1688    1671    1588    1324    899     231     445     
	4074   1994 1095    498     1544    366     972     1909    1090    444     194     739     872     1302    1619    2269    1829    1350    953     971     530     
	4074   1995 1052    625     1560    453     925     1894    1109    257     586     461     938     1375    1508    2134    2028    1350    1347    621     -24     
	4074   1996 856     379     1401    -9      817     1679    934     -2      -2      316     1022    1119    1627    1650    1758    1219    1069    510     -38     
	4074   1997 1032    472     1517    138     974     1832    1008    -95     591     804     805     1307    1616    1766    2105    1480    934     614     428     
	4074   1998 1016    622     1470    489     1047    1640    896     415     640     705     902     1530    1595    1611    1712    1452    909     328     360     
	4074   1999 1096    514     1617    363     1075    1796    1131    483     232     741     1018    1464    1593    2007    1783    1822    1025    549     376     
	4074   2000 1097    577     1541    413     1094    1679    1150    348     521     639     1108    1535    1709    1518    1810    1559    1115    776     515     
	4074   2001 1023    611     1472    413     932     1766    1079    291     435     521     793     1478    1486    1873    1931    1238    1434    552     191     
	4074   2002 1070    652     1503    396     994     1774    1069    375     647     709     914     1358    1703    1747    1868    1410    949     851     293     
	4074   2003 1072    539     1634    202     1059    1961    1018    143     167     804     992     1378    1900    1921    2060    1536    706     823     381     
	4074   2004 991     508     1478    316     936     1701    1065    224     346     566     1055    1192    1534    1665    1898    1516    1141    534     199     
	4074   2005 1039    505     1513    233     996     1694    1185    387     100     629     1059    1303    1685    1805    1592    1632    1347    571     292     
	4074   2006 1082    453     1611    155     857     1855    1352    46      125     313     852     1406    1712    2301    1546    1833    1366    856     566     
	4074   2007 1101    790     1556    578     1187    1724    978     592     574     765     1366    1435    1735    1737    1702    1355    994     584     338     
	4074   2008 1044    591     1510    477     996     1750    990     557     540     530     864     1589    1677    1799    1770    1340    1003    625     210     
	4074   2009 1054    453     1605    159     1111    1774    1156    6       274     586     1321    1433    1556    1828    1931    1547    997     929     204     
	4074   2010 912     456     1494    72      880     1845    972     -125    143     572     1018    1056    1737    2102    1693    1347    989     578     -208    
	4074   2011 1115    453     1584    142     1180    1670    1202    266     391     701     1360    1485    1653    1596    1760    1648    1147    814     520     
	4074   2012 1032    629     1492    304     1078    1731    1042    389     -19     890     855     1481    1492    1747    1947    1406    1047    674     415     
	4074   2013 978     425     1495    210     751     1820    1071    144     55      187     889     1180    1580    1992    1882    1429    1216    562     545     
	4074   2014 1168    737     1559    568     1147    1744    1257    529     635     921     1233    1291    1633    1982    1613    1595    1332    842     377     
	4074   2015 1097    629     1516    317     956     1832    1087    312     257     623     973     1272    1618    1919    1951    1340    969     955     909     
	4074   2016 1079    691     1607    579     946     1816    1116    415     400     486     875     1475    1699    1907    1839    1834    964     554     472     
	4074   2017 1096    585     1553    351     1098    1850    1095    66      530     919     830     1535    1868    1875    1808    1384    1258    639     392     
	4074   2018 1187    551     1781    308     1182    2002    1184    515     -14     464     1370    1719    1791    2200    2009    1576    1274    698     546     
	4074   2019 1146    706     1614    485     1009    1980    1088    213     717     787     1100    1143    1999    1970    1973    1489    1170    603     565     
	4074   2020 1185    695     1646    569     1085    1895    1198    512     634     679     1248    1334    1792    1767    2123    1604    1119    873     524     
	4074   2021 1045    645     1486    394     829     1824    1126    229     434     676     688     1119    1957    1828    1692    1628    1142    609     498     
	4074   2022 1204    684     1649    498     1106    1973    1267    406     599     837     952     1524    1812    1943    2158    1481    1413    903     368     
	4074   2023 1186    734     1641    466     983     1892    1309    480     558     670     875     1400    2016    1860    1803    1888    1334    703     608     
	4074   2024 1181    774     1637    562     1184    1856    1167    315     776     907     1085    1556    1643    1886    2031    1602    1235    662     454     
	4074   2025 1160    653     1650    376     1176    1894    1145    280     397     865     1215    1448    1885    1894    1904    1542    1129    765     550     
	4074   2026 -999999 -999999 -999999 462     -999999 -999999 -999999 251     598     -999999 -999999 -999999 -999999 -999999 -999999 -999999 -999999 -999999 -999999 
	