EUROPEAN CLIMATE ASSESSMENT & DATASET (ECA&D), file created on: 12-03-2026
THESE DATA CAN BE USED FOR NON-COMMERCIAL RESEARCH AND EDUCATION PROVIDED THAT THE FOLLOWING SOURCE IS ACKNOWLEDGED: 

Klein Tank, A.M.G. and Coauthors, 2002. Daily dataset of 20th-century surface
air temperature and precipitation series for the European Climate Assessment.
Int. J. of Climatol., 22, 1441-1453.
Data and metadata available at http://www.ecad.eu

FILE FORMAT (MISSING VALUE CODE = -999999):

THIS FILE HOLDS DATA FOR STATION GERMANY                                  DUISBURG-FRIEMERSHEIM                    (STAID:   4030)
LATITUDE: dd:mm:ss +51:23:43
LONGITUDE: ddd:mm:ss +006:42:11
ELEVATION: m   31

DATA IS FOR INDEX Mean of daily mean temperature (TG) with unit 0.01 Temperature (&#176;C)

01-06 SOUID: Source identifier
08-11 YEAR : YYYY
13-20 ANNUAL DATA VALUES
21-28 WINTER HALF YEAR DATA VALUES
29-36 SUMMER HALF YEAR DATA VALUES
37-44 WINTER (DJF) DATA VALUES
45-52 SPRING (MAM) DATA VALUES
53-60 SUMMER (JJA) DATA VALUES
61-68 AUTUMN (SON) DATA VALUES
69-76 JANUARY DATA VALUES
etc. 
157-164 DECEMBER DATA VALUES

4030   1951 1082    -999999 1528    -999999 884     1771    1167    475     489     458     855     1338    1663    1840    1806    1652    932     924     522     
	4030   1952 1012    594     1577    368     1126    1822    826     281     297     598     1287    1500    1677    1905    1880    1193    925     358     210     
	4030   1953 1110    426     1578    210     1077    1778    1213    157     269     622     1089    1520    1725    1824    1785    1511    1293    832     640     
	4030   1954 1018    605     1454    245     1007    1651    1170    -20     100     745     833     1438    1686    1554    1714    1488    1260    759     599     
	4030   1955 998     533     1531    284     822     1825    1069    137     96      310     994     1168    1633    1928    1906    1542    993     675     534     
	4030   1956 924     434     1413    87      936     1581    1060    265     -582    660     706     1433    1416    1796    1524    1583    1045    553     604     
	4030   1957 1105    704     1503    541     1054    1819    1080    377     654     985     1004    1172    1843    1934    1681    1372    1179    687     347     
	4030   1958 1059    552     1545    373     834     1780    1170    295     487     313     757     1430    1640    1808    1888    1731    1157    624     540     
	4030   1959 1184    627     1717    355     1188    1970    1206    253     264     889     1188    1485    1825    2123    1957    1710    1255    652     538     
	4030   1960 1098    658     1537    427     1095    1735    1182    304     441     746     1041    1497    1810    1667    1730    1466    1200    879     376     
	4030   1961 1135    722     1588    458     1096    1728    1270    261     766     861     1217    1215    1748    1674    1764    1915    1300    594     299     
	4030   1962 932     545     1400    354     784     1635    1033    445     312     300     956     1102    1592    1607    1704    1435    1158    501     34      
	4030   1963 950     292     1545    -192    1006    1777    1199    -452    -155    632     1087    1302    1744    1884    1704    1542    1067    991     -6      
	4030   1964 1074    506     1657    193     1036    1862    1082    125     478     396     1062    1652    1820    1954    1811    1626    909     718     333     
	4030   1965 1000    520     1457    298     943     1676    1001    357     196     585     892     1352    1718    1616    1695    1460    1137    401     526     
	4030   1966 1087    569     1571    431     1051    1773    1094    105     686     565     1069    1520    1872    1709    1743    1506    1272    499     480     
	4030   1967 1133    680     1583    507     1031    1862    1173    451     599     763     868     1457    1648    2084    1846    1574    1323    615     324     
	4030   1968 1064    591     1574    289     1061    1803    1165    257     287     724     1186    1277    1746    1838    1822    1568    1310    610     125     
	4030   1969 1068    511     1618    247     945     1879    1247    508     94      384     961     1491    1694    2055    1881    1605    1385    746     -61     
	4030   1970 1057    486     1576    119     874     1876    1216    228     196     403     738     1476    1951    1774    1905    1594    1161    895     310     
	4030   1971 1103    593     1607    376     1015    1831    1064    365     461     364     1045    1637    1594    1986    1905    1452    1154    583     636     
	4030   1972 1043    656     1467    450     1032    1744    994     154     567     834     907     1352    1578    1918    1732    1298    1026    656     475     
	4030   1973 1095    598     1614    402     956     1943    1099    356     373     684     747     1430    1871    1910    2044    1661    1015    623     370     
	4030   1974 1133    671     1539    536     1073    1764    1007    658     584     765     1103    1351    1681    1715    1894    1478    793     759     785     
	4030   1975 1146    702     1648    689     940     1974    1112    757     508     593     911     1316    1672    2041    2198    1731    981     628     367     
	4030   1976 1141    555     1694    418     989     2038    1167    450     439     461     943     1562    2029    2163    1921    1526    1236    736     199     
	4030   1977 1106    674     1467    395     1001    1742    1152    378     629     861     784     1350    1640    1816    1766    1428    1294    728     557     
	4030   1978 1031    654     1476    382     1014    1695    1103    370     199     734     914     1391    1654    1730    1699    1454    1189    662     311     
	4030   1979 1002    434     1514    47      965     1746    1125    -193    20      584     912     1397    1763    1774    1700    1529    1214    630     628     
	4030   1980 1034    636     1533    448     968     1744    1061    113     614     615     906     1381    1636    1712    1882    1672    986     527     361     
	4030   1981 1073    544     1605    240     1205    1783    1123    189     163     999     1065    1545    1651    1829    1865    1658    992     724     136     
	4030   1982 1189    544     1700    270     1064    1956    1338    235     456     715     944     1530    1844    2128    1894    1845    1247    925     462     
	4030   1983 1182    707     1697    447     1015    2089    1149    678     174     709     1069    1267    1891    2303    2067    1569    1169    707     497     
	4030   1984 1108    625     1525    432     946     1797    1234    437     356     568     1020    1253    1567    1792    2025    1474    1278    948     547     
	4030   1985 1009    535     1582    132     1072    1750    1024    -230    73      562     1062    1591    1527    1945    1772    1576    1162    328     670     
	4030   1986 1068    480     1561    251     1003    1882    1169    322     -291    608     785     1608    1879    1943    1824    1303    1296    902     521     
	4030   1987 1021    526     1560    198     937     1741    1197    -261    349     346     1301    1177    1559    1884    1773    1664    1225    701     505     
	4030   1988 1178    700     1627    566     1132    1799    1149    690     498     568     1124    1705    1678    1810    1904    1525    1227    693     684     
	4030   1989 1253    796     1709    613     1217    1955    1241    554     599     997     882     1761    1819    2062    1978    1731    1345    644     601     
	4030   1990 1220    836     1620    682     1209    1894    1145    599     865     961     1009    1651    1684    1896    2094    1360    1363    704     415     
	4030   1991 1127    682     1609    318     1091    1896    1182    428     87      1039    1018    1214    1469    2148    2057    1727    1155    665     426     
	4030   1992 1199    665     1752    452     1212    2016    1100    333     606     798     1032    1801    1910    2104    2030    1612    870     827     448     
	4030   1993 1107    615     1634    419     1226    1795    936     569     222     719     1301    1659    1859    1813    1715    1445    1013    349     553     
	4030   1994 1182    579     1649    435     1045    2024    1186    499     232     789     905     1436    1738    2385    1941    1459    1047    1057    621     
	4030   1995 1159    725     1680    555     1036    2023    1191    365     693     575     1055    1478    1642    2270    2144    1466    1409    691     84      
	4030   1996 961     477     1515    107     924     1807    1005    113     127     425     1110    1244    1763    1787    1868    1306    1116    588     65      
	4030   1997 1121    543     1621    215     1065    1952    1080    -53     676     879     888     1422    1747    1890    2211    1545    1016    681     521     
	4030   1998 1111    702     1580    566     1154    1753    987     503     685     802     1002    1655    1711    1736    1810    1550    1007    402     438     
	4030   1999 1195    598     1730    443     1179    1913    1220    554     327     826     1113    1597    1727    2141    1866    1920    1109    636     456     
	4030   2000 1192    659     1652    490     1195    1794    1236    434     587     726     1197    1662    1829    1626    1929    1662    1193    855     585     
	4030   2001 1138    694     1614    489     1062    1923    1161    359     529     632     900     1649    1670    2051    2038    1346    1487    640     299     
	4030   2002 1183    738     1648    492     1120    1927    1149    453     748     800     1052    1507    1904    1900    1977    1532    1027    893     387     
	4030   2003 1182    621     1763    300     1180    2111    1096    238     271     883     1138    1517    2075    2079    2178    1574    811     913     452     
	4030   2004 1117    619     1620    437     1075    1850    1157    361     503     678     1190    1362    1704    1813    2028    1615    1228    625     283     
	4030   2005 1159    607     1653    337     1136    1853    1257    501     215     750     1187    1474    1892    1957    1710    1695    1412    659     389     
	4030   2006 1213    554     1763    265     999     2023    1453    145     260     433     988     1575    1909    2468    1688    1937    1466    957     665     
	4030   2007 1181    888     1654    679     1324    1796    1015    695     675     851     1512    1615    1829    1809    1751    1403    1012    631     365     
	4030   2008 1085    628     1552    503     1048    1798    1028    618     527     611     910     1619    1721    1845    1827    1369    1040    675     235     
	4030   2009 1089    481     1639    177     1136    1821    1194    -24     335     615     1320    1479    1625    1901    1932    1565    1040    984     256     
	4030   2010 961     515     1535    136     925     1895    1005    -62     223     637     1026    1114    1765    2165    1752    1376    1016    624     -141    
	4030   2011 1146    492     1625    201     1186    1732    1201    313     455     685     1338    1541    1719    1662    1814    1670    1160    775     578     
	4030   2012 1076    652     1542    357     1112    1788    1076    443     29      894     912     1522    1579    1806    1972    1439    1076    712     475     
	4030   2013 1029    482     1539    278     804     1862    1117    216     130     259     932     1224    1633    2030    1916    1480    1251    617     587     
	4030   2014 1197    766     1589    610     1152    1783    1278    571     679     879     1252    1328    1670    2011    1663    1603    1365    863     454     
	4030   2015 1139    671     1561    378     982     1889    1123    368     306     641     970     1334    1686    1982    1992    1383    1000    991     949     
	4030   2016 1118    735     1648    631     992     1864    1148    474     459     528     934     1512    1751    1951    1886    1838    1003    609     449     
	4030   2017 1147    612     1609    361     1137    1913    1153    71      583     951     849     1602    1954    1943    1844    1441    1323    690     465     
	4030   2018 1220    611     1806    369     1201    2053    1193    588     21      524     1367    1719    1849    2250    2055    1578    1273    725     601     
	4030   2019 1187    732     1661    514     1052    2025    1144    275     682     830     1138    1191    2046    2020    2011    1550    1240    637     591     
	4030   2020 1226    748     1678    619     1108    1960    1220    567     705     741     1218    1368    1861    1832    2182    1597    1190    873     564     
	4030   2021 1081    683     1525    444     863     1868    1143    301     471     687     706     1191    1989    1884    1735    1640    1154    634     545     
	4030   2022 1236    709     1694    551     1113    2020    1294    462     656     795     987     1552    1856    2006    2191    1547    1411    921     403     
	4030   2023 1235    769     1683    507     1032    1953    1343    540     585     740     915     1437    2067    1938    1857    1877    1382    768     668     
	4030   2024 1227    830     1680    621     1224    1899    1213    364     845     952     1129    1587    1697    1929    2065    1657    1265    714     502     
	4030   2025 1193    678     1693    422     1154    1963    1192    339     426     798     1201    1465    1965    1975    1950    1593    1192    791     570     
	4030   2026 -999999 -999999 -999999 501     -999999 -999999 -999999 288     658     -999999 -999999 -999999 -999999 -999999 -999999 -999999 -999999 -999999 -999999 
	